,year,temperature anomaly,Year,Total,Gas,Liquids,Solids,Production,Flaring
0,1751,-1.0931666666666666,1751,3,0,0,3,0,0
1,1752,-0.7935,1752,3,0,0,3,0,0
2,1753,-0.6733,1753,3,0,0,3,0,0
3,1754,-0.4355833333333334,1754,3,0,0,3,0,0
4,1755,-0.21858333333333335,1755,3,0,0,3,0,0
5,1756,-0.38866666666666666,1756,3,0,0,3,0,0
6,1757,-0.47774999999999995,1757,3,0,0,3,0,0
7,1758,-1.7758333333333332,1758,3,0,0,3,0,0
8,1759,-1.4675,1759,3,0,0,3,0,0
9,1760,-1.9104999999999999,1760,3,0,0,3,0,0
10,1761,-0.21866666666666668,1761,3,0,0,3,0,0
11,1762,-1.2441666666666666,1762,3,0,0,3,0,0
12,1763,-1.3499166666666669,1763,3,0,0,3,0,0
13,1764,-0.6743333333333333,1764,3,0,0,3,0,0
14,1765,-0.4876666666666667,1765,3,0,0,3,0,0
15,1766,-0.54725,1766,3,0,0,3,0,0
16,1767,-0.8429166666666666,1767,3,0,0,3,0,0
17,1768,-1.3499999999999999,1768,3,0,0,3,0,0
18,1769,-0.8457500000000001,1769,3,0,0,3,0,0
19,1770,-1.3924166666666666,1770,3,0,0,3,0,0
20,1771,-0.94125,1771,4,0,0,4,0,0
21,1772,-0.6122500000000001,1772,4,0,0,4,0,0
22,1773,0.02541666666666667,1773,4,0,0,4,0,0
23,1774,0.46458333333333335,1774,4,0,0,4,0,0
24,1775,-0.38966666666666666,1775,4,0,0,4,0,0
25,1776,-0.5735,1776,4,0,0,4,0,0
26,1777,-0.8650000000000001,1777,4,0,0,4,0,0
27,1778,-0.6437499999999999,1778,4,0,0,4,0,0
28,1779,-0.23058333333333333,1779,4,0,0,4,0,0
29,1780,0.09716666666666667,1780,4,0,0,4,0,0
30,1781,-0.6493333333333333,1781,5,0,0,5,0,0
31,1782,-0.4405833333333333,1782,5,0,0,5,0,0
32,1783,-0.7796666666666666,1783,5,0,0,5,0,0
33,1784,-0.8921666666666667,1784,5,0,0,5,0,0
34,1785,-0.8025833333333333,1785,5,0,0,5,0,0
35,1786,-0.39666666666666667,1786,5,0,0,5,0,0
36,1787,-0.7021666666666667,1787,5,0,0,5,0,0
37,1788,-0.23583333333333334,1788,5,0,0,5,0,0
38,1789,-0.22999999999999998,1789,5,0,0,5,0,0
39,1790,-0.29875,1790,5,0,0,5,0,0
40,1791,-0.28841666666666665,1791,6,0,0,6,0,0
41,1792,-0.22558333333333333,1792,6,0,0,6,0,0
42,1793,-0.12425000000000001,1793,6,0,0,6,0,0
43,1794,0.07741666666666666,1794,6,0,0,6,0,0
44,1795,0.12633333333333333,1795,6,0,0,6,0,0
45,1796,0.049833333333333334,1796,6,0,0,6,0,0
46,1797,-0.08258333333333333,1797,7,0,0,7,0,0
47,1798,-0.14408333333333334,1798,7,0,0,7,0,0
48,1799,-0.4091666666666667,1799,7,0,0,7,0,0
49,1800,-0.19866666666666666,1800,8,0,0,8,0,0
50,1801,0.33699999999999997,1801,8,0,0,8,0,0
51,1802,0.06066666666666667,1802,10,0,0,10,0,0
52,1803,0.007166666666666666,1803,9,0,0,9,0,0
53,1804,0.14791666666666667,1804,9,0,0,9,0,0
54,1805,-0.06508333333333334,1805,9,0,0,9,0,0
55,1806,-0.35775,1806,10,0,0,10,0,0
56,1807,-0.5269166666666667,1807,10,0,0,10,0,0
57,1808,-0.9420833333333333,1808,10,0,0,10,0,0
58,1809,-1.343,1809,10,0,0,10,0,0
59,1810,-1.6159166666666664,1810,10,0,0,10,0,0
60,1811,-1.632,1811,11,0,0,11,0,0
61,1812,-1.3795833333333334,1812,11,0,0,11,0,0
62,1813,-0.8836666666666666,1813,11,0,0,11,0,0
63,1814,-1.0011666666666665,1814,11,0,0,11,0,0
64,1815,-1.1210833333333332,1815,12,0,0,12,0,0
65,1816,-1.5215833333333333,1816,13,0,0,13,0,0
66,1817,-1.3688333333333331,1817,14,0,0,14,0,0
67,1818,-0.7519166666666667,1818,14,0,0,14,0,0
68,1819,-1.1536666666666666,1819,14,0,0,14,0,0
69,1820,-0.7316666666666666,1820,14,0,0,14,0,0
70,1821,-0.6457499999999999,1821,14,0,0,14,0,0
71,1822,-0.6413333333333333,1822,15,0,0,15,0,0
72,1823,-0.7787499999999999,1823,16,0,0,16,0,0
73,1824,-0.31325,1824,16,0,0,16,0,0
74,1825,-0.4363333333333333,1825,17,0,0,17,0,0
75,1826,-0.13825,1826,17,0,0,17,0,0
76,1827,0.0012500000000000011,1827,18,0,0,18,0,0
77,1828,-0.48075,1828,18,0,0,18,0,0
78,1829,-0.5660833333333334,1829,18,0,0,18,0,0
79,1830,-0.25,1830,24,0,0,24,0,0
80,1831,-0.7521666666666667,1831,23,0,0,23,0,0
81,1832,-1.0055,1832,23,0,0,23,0,0
82,1833,-0.6766666666666667,1833,24,0,0,24,0,0
83,1834,-0.34958333333333336,1834,24,0,0,24,0,0
84,1835,-1.0220833333333335,1835,25,0,0,25,0,0
85,1836,-1.0111666666666668,1836,29,0,0,29,0,0
86,1837,-1.2485,1837,29,0,0,29,0,0
87,1838,-0.8905833333333333,1838,30,0,0,30,0,0
88,1839,-0.6897500000000001,1839,31,0,0,31,0,0
89,1840,-0.8889166666666667,1840,33,0,0,33,0,0
90,1841,-0.851,1841,34,0,0,34,0,0
91,1842,-0.537,1842,36,0,0,36,0,0
92,1843,-0.5840833333333334,1843,37,0,0,37,0,0
93,1844,-0.8715833333333333,1844,39,0,0,39,0,0
94,1845,-0.7013333333333334,1845,43,0,0,43,0,0
95,1846,-0.226,1846,43,0,0,43,0,0
96,1847,-0.55325,1847,46,0,0,46,0,0
97,1848,-0.6354166666666666,1848,47,0,0,47,0,0
98,1849,-0.7021666666666667,1849,50,0,0,50,0,0
99,1850,-0.6775833333333333,1850,54,0,0,54,0,0
100,1851,-0.5439166666666667,1851,54,0,0,54,0,0
101,1852,-0.6193333333333334,1852,57,0,0,57,0,0
102,1853,-0.5812499999999999,1853,59,0,0,59,0,0
103,1854,-0.35041666666666665,1854,69,0,0,69,0,0
104,1855,-0.41275,1855,71,0,0,71,0,0
105,1856,-0.6755,1856,76,0,0,76,0,0
106,1857,-0.7444166666666666,1857,77,0,0,77,0,0
107,1858,-0.4043333333333334,1858,78,0,0,78,0,0
108,1859,-0.3476666666666666,1859,83,0,0,83,0,0
109,1860,-0.6113333333333334,1860,91,0,0,91,0,0
110,1861,-0.7785000000000001,1861,95,0,0,95,0,0
111,1862,-0.7799166666666667,1862,97,0,0,96,0,0
112,1863,-0.5850833333333333,1863,104,0,0,103,0,0
113,1864,-0.5740833333333334,1864,112,0,0,112,0,0
114,1865,-0.43883333333333335,1865,119,0,0,119,0,0
115,1866,-0.30633333333333335,1866,122,0,0,122,0,0
116,1867,-0.2050833333333333,1867,130,0,0,130,0,0
117,1868,-0.2575,1868,135,0,0,134,0,0
118,1869,-0.23683333333333334,1869,142,0,0,142,0,0
119,1870,-0.4403333333333333,1870,147,0,1,146,0,0
120,1871,-0.5357500000000001,1871,156,0,1,156,0,0
121,1872,-0.45049999999999996,1872,173,0,1,173,0,0
122,1873,-0.32458333333333333,1873,184,0,1,183,0,0
123,1874,-0.26966666666666667,1874,174,0,1,173,0,0
124,1875,-0.57575,1875,188,0,1,187,0,0
125,1876,-0.44525,1876,191,0,1,190,0,0
126,1877,-0.04633333333333334,1877,194,0,2,192,0,0
127,1878,0.18191666666666664,1878,196,0,2,194,0,0
128,1879,-0.39683333333333337,1879,210,0,3,207,0,0
129,1880,-0.4519166666666667,1880,236,0,3,233,0,0
130,1881,-0.25616666666666665,1881,243,0,4,239,0,0
131,1882,-0.49866666666666665,1882,256,0,4,252,0,0
132,1883,-0.5843333333333334,1883,272,0,3,269,0,0
133,1884,-0.75775,1884,275,0,4,271,0,0
134,1885,-0.6356666666666667,1885,277,1,4,273,0,0
135,1886,-0.6039166666666667,1886,281,2,5,275,0,0
136,1887,-0.5999166666666667,1887,295,3,5,287,0,0
137,1888,-0.35341666666666666,1888,327,5,5,317,0,0
138,1889,-0.2776666666666667,1889,327,3,6,318,0,0
139,1890,-0.6138333333333333,1890,356,3,8,345,0,0
140,1891,-0.5403333333333333,1891,372,2,9,360,0,0
141,1892,-0.56975,1892,374,2,9,363,0,0
142,1893,-0.4638333333333333,1893,370,2,10,358,0,0
143,1894,-0.423,1894,383,2,9,372,0,0
144,1895,-0.3725,1895,406,2,11,393,0,0
145,1896,-0.3254166666666667,1896,419,2,12,405,0,0
146,1897,-0.253,1897,440,2,13,425,0,0
147,1898,-0.35133333333333333,1898,465,2,13,449,0,0
148,1899,-0.16366666666666665,1899,507,3,14,491,0,0
149,1900,-0.0017499999999999998,1900,534,3,16,515,0,0
150,1901,-0.0014166666666666668,1901,552,4,18,531,0,0
151,1902,-0.23766666666666666,1902,566,4,19,543,0,0
152,1903,-0.44725,1903,617,4,20,593,0,0
153,1904,-0.49275,1904,624,4,23,597,0,0
154,1905,-0.30575,1905,663,5,23,636,0,0
155,1906,-0.23483333333333334,1906,707,5,23,680,0,0
156,1907,-0.5009166666666667,1907,784,5,28,750,0,0
157,1908,-0.41724999999999995,1908,750,5,30,714,0,0
158,1909,-0.3575,1909,785,6,32,747,0,0
159,1910,-0.34674999999999995,1910,819,7,34,778,0,0
160,1911,-0.37775000000000003,1911,836,7,36,792,0,0
161,1912,-0.42474999999999996,1912,879,8,37,834,0,0
162,1913,-0.25658333333333333,1913,943,8,41,895,0,0
163,1914,0.00875,1914,850,8,42,800,0,0
164,1915,-0.04416666666666667,1915,838,9,45,784,0,0
165,1916,-0.37508333333333327,1916,901,10,48,842,0,0
166,1917,-0.5761666666666666,1917,955,11,54,891,0,0
167,1918,-0.45675,1918,936,10,53,873,0,0
168,1919,-0.19991666666666666,1919,806,10,61,735,0,0
169,1920,-0.20833333333333334,1920,932,11,78,843,0,0
170,1921,-0.15925,1921,803,10,84,709,0,0
171,1922,-0.22066666666666668,1922,845,11,94,740,0,0
172,1923,-0.21133333333333335,1923,970,14,111,845,0,0
173,1924,-0.12825,1924,963,16,110,836,0,0
174,1925,-0.046000000000000006,1925,975,17,116,842,0,0
175,1926,-0.006916666666666664,1926,983,19,119,846,0,0
176,1927,-0.10475,1927,1062,21,136,905,0,0
177,1928,-0.14116666666666666,1928,1065,23,143,890,10,0
178,1929,-0.3353333333333333,1929,1145,28,160,947,10,0
179,1930,-0.13025,1930,1053,28,152,862,10,0
180,1931,0.06241666666666667,1931,940,25,147,759,8,0
181,1932,-0.0415,1932,847,24,141,675,7,0
182,1933,-0.26425,1933,893,25,154,708,7,0
183,1934,-0.10516666666666667,1934,973,28,162,775,8,0
184,1935,-0.1960833333333333,1935,1027,30,176,811,9,0
185,1936,-0.13533333333333333,1936,1130,34,192,893,11,0
186,1937,0.06291666666666666,1937,1209,38,219,941,11,0
187,1938,0.14075000000000001,1938,1142,37,214,880,12,0
188,1939,0.06483333333333334,1939,1192,38,222,918,13,0
189,1940,0.12508333333333335,1940,1299,42,229,1017,11,0
190,1941,0.07383333333333333,1941,1334,42,236,1043,12,0
191,1942,0.0025833333333333333,1942,1342,45,222,1063,11,0
192,1943,0.10766666666666667,1943,1391,50,239,1092,10,0
193,1944,0.104,1944,1383,54,275,1047,7,0
194,1945,-0.037333333333333336,1945,1160,59,275,820,7,0
195,1946,-0.010416666666666666,1946,1238,61,292,875,10,0
196,1947,0.08041666666666668,1947,1392,67,322,992,12,0
197,1948,0.04808333333333333,1948,1469,76,364,1015,14,0
198,1949,-0.148,1949,1419,81,362,960,16,0
199,1950,-0.2881666666666667,1950,1630,97,423,1070,18,23
200,1951,-0.04691666666666666,1951,1767,115,479,1129,20,24
201,1952,0.06525,1952,1795,124,504,1119,22,26
202,1953,0.07016666666666667,1953,1841,131,533,1125,24,27
203,1954,-0.06108333333333333,1954,1865,138,557,1116,27,27
204,1955,-0.07683333333333332,1955,2042,150,625,1208,30,31
205,1956,-0.33775,1956,2177,161,679,1273,32,32
206,1957,0.016499999999999997,1957,2270,178,714,1309,34,35
207,1958,0.10141666666666667,1958,2330,192,731,1336,36,35
208,1959,0.03141666666666667,1959,2454,206,789,1382,40,36
209,1960,-0.058499999999999996,1960,2569,227,849,1410,43,39
210,1961,0.13041666666666665,1961,2580,240,904,1349,45,42
211,1962,0.03358333333333333,1962,2686,263,980,1351,49,44
212,1963,0.10408333333333335,1963,2833,286,1052,1396,51,47
213,1964,-0.19383333333333333,1964,2995,316,1137,1435,57,51
214,1965,-0.16,1965,3130,337,1219,1460,59,55
215,1966,-0.043750000000000004,1966,3288,364,1323,1478,63,60
216,1967,0.009083333333333334,1967,3393,392,1423,1448,65,66
217,1968,-0.17233333333333334,1968,3566,424,1551,1448,70,73
218,1969,-0.03575,1969,3780,467,1673,1486,74,80
219,1970,0.04583333333333334,1970,4053,493,1839,1556,78,87
220,1971,-0.11425,1971,4208,530,1947,1559,84,88
221,1972,-8.333333333333572e-05,1972,4376,560,2057,1576,89,95
222,1973,0.18075,1973,4614,588,2241,1581,95,110
223,1974,-0.041666666666666664,1974,4623,597,2245,1579,96,107
224,1975,0.034749999999999996,1975,4596,604,2132,1673,95,92
225,1976,-0.17808333333333334,1976,4864,630,2314,1710,103,108
226,1977,0.20425000000000001,1977,5016,650,2398,1756,108,104
227,1978,0.054333333333333324,1978,5074,680,2392,1780,116,106
228,1979,0.12366666666666666,1979,5357,721,2544,1875,119,98
229,1980,0.44816666666666666,1980,5301,737,2422,1935,120,86
230,1981,0.4155,1981,5138,755,2289,1908,121,65
231,1982,0.15625,1982,5094,738,2196,1976,121,64
232,1983,0.35233333333333333,1983,5075,739,2176,1977,125,58
233,1984,0.12541666666666668,1984,5258,807,2199,2074,128,51
234,1985,0.10458333333333332,1985,5417,835,2186,2216,131,49
235,1986,0.2334166666666667,1986,5583,830,2293,2277,137,46
236,1987,0.38658333333333333,1987,5725,892,2306,2339,143,44
237,1988,0.5445,1988,5936,935,2412,2387,152,50
238,1989,0.42191666666666666,1989,6066,982,2459,2428,156,41
239,1990,0.6109166666666667,1990,6096,1024,2490,2384,157,40
240,1991,0.6135,1991,6171,1050,2603,2312,161,45
241,1992,0.26158333333333333,1992,6110,1084,2500,2323,167,36
242,1993,0.2414166666666667,1993,6104,1117,2513,2262,176,37
243,1994,0.494,1994,6208,1133,2535,2315,186,39
244,1995,0.6776666666666666,1995,6344,1152,2559,2398,197,39
245,1996,0.48258333333333336,1996,6491,1200,2626,2422,203,40
246,1997,0.6337499999999999,1997,6589,1195,2699,2445,209,40
247,1998,0.8985,1998,6571,1225,2758,2343,209,36
248,1999,0.6767500000000001,1999,6559,1258,2740,2309,217,35
249,2000,0.642,2000,6727,1285,2843,2327,226,46
250,2001,0.8196666666666667,2001,6886,1312,2845,2445,237,47
251,2002,0.9478333333333334,2002,6946,1345,2831,2468,252,49
252,2003,0.8765000000000001,2003,7367,1390,2959,2694,276,48
253,2004,0.7715833333333334,2004,7735,1435,3044,2904,298,54
254,2005,1.03525,2005,8025,1477,3069,3098,320,60
255,2006,1.03,2006,8307,1530,3092,3267,356,62
256,2007,1.0490833333333334,2007,8488,1561,3098,3382,382,66
257,2008,0.8741666666666666,2008,8738,1626,3125,3530,388,69
258,2009,0.9758333333333334,2009,8641,1580,3065,3517,415,64
259,2010,1.0191666666666668,2010,9137,1700,3129,3795,448,66
260,2011,0.9305833333333333,2011,9508,1762,3158,4027,496,64
261,2012,0.9299166666666667,2012,9671,1787,3214,4086,520,65
262,2013,0.9655833333333333,2013,9776,1806,3216,4131,554,68
