,Number of disasters reported,year
0,10,1900
1,9,1901
2,8,1902
3,11,1903
4,20,1904
5,9,1905
6,10,1906
7,13,1907
8,18,1908
9,23,1909
10,13,1910
11,11,1911
12,8,1912
13,11,1913
14,12,1914
15,9,1915
16,10,1916
17,12,1917
18,14,1918
19,9,1919
20,13,1920
21,11,1921
22,15,1922
23,11,1923
24,12,1924
25,20,1925
26,15,1926
27,22,1927
28,18,1928
29,14,1929
30,14,1930
31,13,1931
32,15,1932
33,11,1933
34,12,1934
35,13,1935
36,15,1936
37,12,1937
38,13,1938
39,25,1939
40,15,1940
41,18,1941
42,15,1942
43,19,1943
44,17,1944
45,20,1945
46,22,1946
47,23,1947
48,21,1948
49,26,1949
50,28,1950
51,30,1951
52,29,1952
53,31,1953
54,40,1954
55,38,1955
56,35,1956
57,31,1957
58,34,1958
59,41,1959
60,31,1960
61,29,1961
62,42,1962
63,45,1963
64,47,1964
65,50,1965
66,53,1966
67,60,1967
68,65,1968
69,75,1969
70,60,1970
71,57,1971
72,62,1972
73,59,1973
74,63,1974
75,64,1975
76,59,1976
77,80,1977
78,120,1978
79,130,1979
80,120,1980
81,140,1981
82,142,1982
83,145,1983
84,194,1984
85,145,1985
86,160,1986
87,150,1987
88,210,1988
89,215,1989
90,205,1990
91,297,1991
92,252,1992
93,231,1993
94,256,1994
95,240,1995
96,250,1996
97,246,1997
98,248,1998
99,310,1999
100,350,2000
101,410,2001
102,510,2002
103,452,2003
104,515,2004
105,403,2005
106,410,2006
107,503,2007
108,443,2008
109,420,2009
110,415,2010
111,353,2011
