,year,temperature anomaly,number of spots,Volcanic Emmision,CO2 W m2,CH4 W m2,N2O W m2
0,1750,-1.0097272727272726,139.0,0.0,0.0,0.0,0.0
1,1751,-1.0931666666666666,79.5,0.0,0.0,0.0,0.0
2,1752,-0.7935,79.7,0.0,0.0,0.0,0.0
3,1753,-0.6733,51.2,1000000.0,0.0,0.0,0.0
4,1754,-0.4355833333333334,20.3,100000000.0,0.0,0.0,0.0
5,1755,-0.2185833333333333,16.0,100000000.0,0.0,0.0,0.0
6,1756,-0.3886666666666666,17.0,0.0,0.0,0.0,0.0
7,1757,-0.4777499999999999,54.0,0.0,0.0,0.0,0.0
8,1758,-1.7758333333333332,79.3,0.0,0.0,0.0,0.0
9,1759,-1.4675,90.0,0.0,0.0,0.0,0.0
10,1760,-1.9105,104.8,100000000.0,0.0,0.0,0.0
11,1761,-0.2186666666666666,143.2,0.0,0.0,0.0,0.0
12,1762,-1.2441666666666666,102.0,1000000.0,0.0,0.0,0.0
13,1763,-1.3499166666666669,75.2,0.0,0.0,0.0,0.0
14,1764,-0.6743333333333333,60.7,0.0,0.0,0.0,0.0
15,1765,-0.4876666666666667,34.8,0.0,0.0,0.0,0.0
16,1766,-0.54725,19.0,110000000.0,0.0,0.0,0.0
17,1767,-0.8429166666666666,63.0,0.0,0.0,0.0,0.0
18,1768,-1.35,116.3,100000000.0,0.0,0.0,0.0
19,1769,-0.8457500000000001,176.8,0.0,0.0,0.0,0.0
20,1770,-1.3924166666666666,168.0,0.0,0.0,0.0,0.0
21,1771,-0.94125,136.0,0.0,0.0,0.0,0.0
22,1772,-0.6122500000000001,110.8,20000000.0,0.0,0.0,0.0
23,1773,0.0254166666666666,58.0,1000000.0,0.0,0.0,0.0
24,1774,0.4645833333333333,51.0,0.0,0.0,0.0,0.0
25,1775,-0.3896666666666666,11.7,20000000.0,0.0,0.0,0.0
26,1776,-0.5735,33.0,0.0,0.0,0.0,0.0
27,1777,-0.8650000000000001,154.2,0.0,0.0,0.0,0.0
28,1778,-0.6437499999999999,257.3,100000000.0,0.0,0.0,0.0
29,1779,-0.2305833333333333,209.8,101000000.0,0.0,0.0,0.0
30,1780,0.0971666666666666,141.3,210000000.0,0.0,0.0,0.0
31,1781,-0.6493333333333333,113.5,100000000.0,0.0,0.0,0.0
32,1782,-0.4405833333333333,64.2,0.0,0.0,0.0,0.0
33,1783,-0.7796666666666666,38.0,100000000.0,0.0,0.0,0.0
34,1784,-0.8921666666666667,17.0,100000000.0,0.0,0.0,0.0
35,1785,-0.8025833333333333,40.2,10000000.0,0.0,0.0,0.0
36,1786,-0.3966666666666666,138.2,1000000.0,0.0,0.0,0.0
37,1787,-0.7021666666666667,220.0,0.0,0.0,0.0,0.0
38,1788,-0.2358333333333333,218.2,0.0,0.0,0.0,0.0
39,1789,-0.2299999999999999,196.8,1000000.0,0.0,0.0,0.0
40,1790,-0.29875,149.8,100000000.0,0.0,0.0,0.0
41,1791,-0.2884166666666666,111.0,0.0,0.0,0.0,0.0
42,1792,-0.2255833333333333,100.0,1000000.0,0.0,0.0,0.0
43,1793,-0.12425,78.2,0.0,0.0,0.0,0.0
44,1794,0.0774166666666666,68.3,10000000.0,0.0,0.0,0.0
45,1795,0.1263333333333333,35.5,0.0,0.0,0.0,0.0
46,1796,0.0498333333333333,26.7,0.0,0.0,0.0,0.0
47,1797,-0.0825833333333333,10.7,0.0,0.0,0.0,0.0
48,1798,-0.1440833333333333,6.8,0.0,0.0,0.0,0.0
49,1799,-0.4091666666666667,11.3,0.0,0.0,0.0,0.0
50,1800,-0.1986666666666666,24.2,1002010000.0,0.043,0.033,0.0124
51,1801,0.3369999999999999,56.7,1000000.0,0.0457,0.0336,0.0124
52,1802,0.0606666666666666,75.0,0.0,0.0482,0.0342,0.0123
53,1803,0.0071666666666666,71.8,2000000.0,0.0508,0.0348,0.0122
54,1804,0.1479166666666666,79.2,10000000.0,0.0532,0.0354,0.0121
55,1805,-0.0650833333333333,70.3,1000000.0,0.0557,0.036,0.0121
56,1806,-0.35775,46.8,0.0,0.058,0.0366,0.012
57,1807,-0.5269166666666667,16.8,0.0,0.0603,0.0371,0.012
58,1808,-0.9420833333333332,13.5,0.0,0.0626,0.0377,0.012
59,1809,-1.343,4.2,0.0,0.0647,0.0382,0.012
60,1810,-1.6159166666666664,0.0,0.0,0.0668,0.0388,0.0121
61,1811,-1.632,2.3,0.0,0.0689,0.0393,0.0121
62,1812,-1.3795833333333334,8.3,110000000.0,0.0708,0.0397,0.0122
63,1813,-0.8836666666666666,20.3,1000000.0,0.0727,0.0402,0.0123
64,1814,-1.0011666666666663,23.2,100000000.0,0.0745,0.0407,0.0125
65,1815,-1.1210833333333332,59.0,100000000000.0,0.0763,0.0411,0.0126
66,1816,-1.5215833333333333,76.3,1000000.0,0.078,0.0416,0.0127
67,1817,-1.3688333333333331,68.3,101000000.0,0.0796,0.042,0.0128
68,1818,-0.7519166666666667,52.9,100000000.0,0.0811,0.0425,0.0129
69,1819,-1.1536666666666666,38.5,0.0,0.0826,0.043,0.013
70,1820,-0.7316666666666666,24.2,2000000.0,0.084,0.0435,0.0131
71,1821,-0.6457499999999999,9.2,0.0,0.0853,0.044,0.0131
72,1822,-0.6413333333333333,6.3,1110000000.0,0.0866,0.0446,0.0131
73,1823,-0.7787499999999999,2.2,0.0,0.0878,0.0453,0.0131
74,1824,-0.31325,11.4,0.0,0.0889,0.0459,0.013
75,1825,-0.4363333333333333,28.2,10000000.0,0.09,0.0467,0.0128
76,1826,-0.13825,59.9,12000000.0,0.0911,0.0475,0.0126
77,1827,0.00125,83.0,2000000.0,0.0921,0.0483,0.0124
78,1828,-0.48075,108.5,0.0,0.0931,0.0493,0.0121
79,1829,-0.5660833333333334,115.2,1000000.0,0.094,0.0502,0.0117
80,1830,-0.25,117.4,0.0,0.095,0.0513,0.0114
81,1831,-0.7521666666666667,80.8,0.0,0.0958,0.0524,0.0109
82,1832,-1.0055,44.3,11000000.0,0.0967,0.0535,0.0105
83,1833,-0.6766666666666667,13.4,1000000.0,0.0976,0.0547,0.01
84,1834,-0.3495833333333333,19.5,0.0,0.0984,0.0559,0.0095
85,1835,-1.0220833333333337,85.8,1000000000.0,0.0992,0.0572,0.0091
86,1836,-1.0111666666666668,192.7,0.0,0.1001,0.0584,0.0086
87,1837,-1.2485,227.3,0.0,0.1009,0.0597,0.0081
88,1838,-0.8905833333333333,168.7,1000000.0,0.1018,0.061,0.0077
89,1839,-0.6897500000000001,143.0,1000000.0,0.1027,0.0623,0.0073
90,1840,-0.8889166666666667,105.5,31000000.0,0.1036,0.0635,0.007
91,1841,-0.851,63.3,1000000.0,0.1045,0.0648,0.0066
92,1842,-0.537,40.3,0.0,0.1055,0.066,0.0064
93,1843,-0.5840833333333334,18.1,2000000.0,0.1065,0.0671,0.0062
94,1844,-0.8715833333333333,25.1,0.0,0.1076,0.0683,0.006
95,1845,-0.7013333333333334,65.8,111000000.0,0.1087,0.0694,0.0059
96,1846,-0.226,102.7,1010000.0,0.1099,0.0705,0.0059
97,1847,-0.55325,166.3,2000000.0,0.1112,0.0715,0.006
98,1848,-0.6354166666666666,208.3,1000000.0,0.1125,0.0725,0.006
99,1849,-0.7021666666666667,182.5,0.0,0.1139,0.0734,0.0062
100,1850,-0.6775833333333333,126.3,1000000.0,0.1153,0.0743,0.0064
101,1851,-0.5439166666666667,122.0,0.0,0.1169,0.0752,0.0066
102,1852,-0.6193333333333334,102.7,0.0,0.1185,0.0761,0.0069
103,1853,-0.5812499999999999,74.1,11000000.0,0.1203,0.077,0.0072
104,1854,-0.3504166666666666,39.0,1011000000.0,0.1221,0.0778,0.0075
105,1855,-0.41275,12.7,0.0,0.124,0.0786,0.0079
106,1856,-0.6755,8.2,110000000.0,0.126,0.0795,0.0083
107,1857,-0.7444166666666666,43.4,0.0,0.1281,0.0804,0.0087
108,1858,-0.4043333333333334,104.4,1000000.0,0.1304,0.0813,0.0091
109,1859,-0.3476666666666666,178.3,0.0,0.1327,0.0822,0.0096
110,1860,-0.6113333333333334,182.2,2000000.0,0.1334,0.0831,0.0101
111,1861,-0.7785000000000001,146.6,111000000.0,0.134,0.0841,0.0106
112,1862,-0.7799166666666667,112.1,0.0,0.1347,0.0851,0.0112
113,1863,-0.5850833333333333,83.5,0.0,0.1356,0.0862,0.0117
114,1864,-0.5740833333333334,89.2,1000000.0,0.1367,0.0873,0.0123
115,1865,-0.4388333333333333,57.8,0.0,0.1381,0.0884,0.013
116,1866,-0.3063333333333333,30.7,2000000.0,0.1398,0.0896,0.0137
117,1867,-0.2050833333333333,13.9,1000000.0,0.1419,0.0908,0.0144
118,1868,-0.2575,62.8,1000000.0,0.1444,0.092,0.0151
119,1869,-0.2368333333333333,123.6,2000000.0,0.1472,0.0933,0.0159
120,1870,-0.4403333333333333,232.0,12000000.0,0.1505,0.0946,0.0166
121,1871,-0.5357500000000001,185.3,13000000.0,0.1541,0.0958,0.0175
122,1872,-0.4504999999999999,169.2,420000000.0,0.158,0.0971,0.0183
123,1873,-0.3245833333333333,110.1,1000000.0,0.1624,0.0984,0.0192
124,1874,-0.2696666666666666,74.5,11000000.0,0.167,0.0997,0.02
125,1875,-0.57575,28.3,1000000000.0,0.1719,0.1009,0.0209
126,1876,-0.44525,18.9,0.0,0.1771,0.1021,0.0218
127,1877,-0.0463333333333333,20.7,100000000.0,0.1825,0.1033,0.0227
128,1878,0.1819166666666666,5.7,21000000.0,0.1881,0.1045,0.0235
129,1879,-0.3968333333333333,10.0,1000000.0,0.1939,0.1057,0.0243
130,1880,-0.4519166666666667,53.7,0.0,0.1998,0.1068,0.0251
131,1881,-0.2561666666666666,90.5,0.0,0.2057,0.108,0.0258
132,1882,-0.4986666666666666,99.0,0.0,0.2117,0.1091,0.0265
133,1883,-0.5843333333333334,106.1,10111000000.0,0.2177,0.1102,0.0271
134,1884,-0.75775,105.8,0.0,0.2238,0.1113,0.0277
135,1885,-0.6356666666666667,86.3,11000000.0,0.2298,0.1124,0.0282
136,1886,-0.6039166666666667,42.4,201000000.0,0.2357,0.1135,0.0287
137,1887,-0.5999166666666667,21.8,10000000.0,0.2416,0.1147,0.0291
138,1888,-0.3534166666666666,11.2,110000000.0,0.2475,0.1159,0.0295
139,1889,-0.2776666666666667,10.4,1000000.0,0.2533,0.1171,0.0298
140,1890,-0.6138333333333333,11.8,2000000.0,0.2591,0.1184,0.03
141,1891,-0.5403333333333333,59.5,0.0,0.2648,0.1198,0.0302
142,1892,-0.56975,121.7,12000000.0,0.2705,0.1212,0.0305
143,1893,-0.4638333333333333,142.0,101000000.0,0.2761,0.1227,0.0307
144,1894,-0.423,130.0,10000000.0,0.2818,0.1243,0.0309
145,1895,-0.3725,106.6,4000000.0,0.2874,0.1261,0.0311
146,1896,-0.3254166666666667,69.4,1000000.0,0.293,0.1279,0.0313
147,1897,-0.253,43.8,11000000.0,0.2986,0.1298,0.0316
148,1898,-0.3513333333333333,44.4,0.0,0.3042,0.1319,0.032
149,1899,-0.1636666666666666,20.2,101000000.0,0.3098,0.134,0.0324
150,1900,-0.0017499999999999,15.7,3000000.0,0.3154,0.1363,0.0329
151,1901,-0.0014166666666666,4.6,10000000.0,0.321,0.1387,0.0334
152,1902,-0.2376666666666666,8.5,10311000000.0,0.3267,0.1412,0.0341
153,1903,-0.44725,40.8,10000.0,0.3324,0.1438,0.0348
154,1904,-0.49275,70.1,1000000.0,0.3381,0.1465,0.0356
155,1905,-0.30575,105.5,2000000.0,0.3438,0.1493,0.0365
156,1906,-0.2348333333333333,90.1,10000000.0,0.3495,0.1522,0.0375
157,1907,-0.5009166666666667,102.8,2000000.0,0.3553,0.1552,0.0385
158,1908,-0.4172499999999999,80.9,0.0,0.3611,0.1582,0.0396
159,1909,-0.3575,73.2,2000000.0,0.3669,0.1614,0.0408
160,1910,-0.3467499999999999,30.9,1000000.0,0.3727,0.1646,0.042
161,1911,-0.37775,9.5,22000000.0,0.3786,0.1679,0.0432
162,1912,-0.4247499999999999,6.0,10010000000.0,0.3845,0.1713,0.0445
163,1913,-0.2565833333333333,2.4,112010000.0,0.3904,0.1746,0.0458
164,1914,0.00875,16.1,110000000.0,0.3964,0.1781,0.047
165,1915,-0.0441666666666666,79.0,0.0,0.4024,0.1815,0.0483
166,1916,-0.3750833333333332,95.0,110000000.0,0.4085,0.185,0.0495
167,1917,-0.5761666666666666,173.6,30010000.0,0.4147,0.1885,0.0506
168,1918,-0.45675,134.6,110000000.0,0.421,0.192,0.0517
169,1919,-0.1999166666666666,105.7,110010000.0,0.4273,0.1955,0.0528
170,1920,-0.2083333333333333,62.7,20000000.0,0.4338,0.1989,0.0538
171,1921,-0.15925,43.5,0.0,0.4403,0.2024,0.0547
172,1922,-0.2206666666666666,23.7,0.0,0.4468,0.2058,0.0555
173,1923,-0.2113333333333333,9.7,2010000.0,0.4535,0.2092,0.0562
174,1924,-0.12825,27.9,1000000.0,0.4602,0.2125,0.0569
175,1925,-0.046,74.0,0.0,0.4669,0.2158,0.0575
176,1926,-0.0069166666666666,106.5,10000000.0,0.4737,0.219,0.0581
177,1927,-0.10475,114.7,10000.0,0.4804,0.2222,0.0585
178,1928,-0.1411666666666666,129.7,22010000.0,0.4871,0.2252,0.0589
179,1929,-0.3353333333333333,108.2,121000000.0,0.4937,0.2283,0.0593
180,1930,-0.13025,59.4,31000000.0,0.5001,0.2312,0.0596
181,1931,0.0624166666666666,35.1,10000000.0,0.5065,0.2341,0.0598
182,1932,-0.0415,18.6,110000000.0,0.5126,0.2369,0.0601
183,1933,-0.26425,9.2,111000000.0,0.5185,0.2397,0.0603
184,1934,-0.1051666666666666,14.6,0.0,0.5242,0.2424,0.0605
185,1935,-0.1960833333333333,60.2,0.0,0.5324,0.2451,0.0607
186,1936,-0.1353333333333333,132.8,10000000.0,0.5408,0.2477,0.0609
187,1937,0.0629166666666666,190.6,101000000.0,0.5486,0.2504,0.061
188,1938,0.14075,182.6,1020000.0,0.5557,0.2531,0.0613
189,1939,0.0648333333333333,148.0,1020000.0,0.5617,0.2557,0.0615
190,1940,0.1250833333333333,113.0,3000000.0,0.5667,0.2585,0.0617
191,1941,0.0738333333333333,79.2,2000000.0,0.5705,0.2613,0.062
192,1942,0.0025833333333333,50.8,0.0,0.5733,0.2641,0.0623
193,1943,0.1076666666666666,27.1,110000000.0,0.5751,0.2671,0.0626
194,1944,0.104,16.1,15000000.0,0.5763,0.2701,0.063
195,1945,-0.0373333333333333,55.3,0.0,0.577,0.2733,0.0634
196,1946,-0.0104166666666666,154.3,103000000.0,0.5776,0.2766,0.0638
197,1947,0.0804166666666666,214.7,102000000.0,0.5783,0.2801,0.0643
198,1948,0.0480833333333333,193.0,1000000.0,0.5795,0.2838,0.0648
199,1949,-0.148,190.7,21000000.0,0.5814,0.2876,0.0654
200,1950,-0.2881666666666667,118.9,11010000.0,0.5843,0.2917,0.066
201,1951,-0.0469166666666666,98.3,121000000.0,0.5883,0.2959,0.0667
202,1952,0.06525,45.0,4010000.0,0.5935,0.3003,0.0674
203,1953,0.0701666666666666,20.1,13010000.0,0.5998,0.305,0.0682
204,1954,-0.0610833333333333,6.6,1000000.0,0.6074,0.3099,0.069
205,1955,-0.0768333333333333,54.2,110000000.0,0.6159,0.315,0.0699
206,1956,-0.33775,200.7,1000000000.0,0.6253,0.3203,0.0709
207,1957,0.0164999999999999,269.3,3000000.0,0.6354,0.3259,0.0719
208,1958,0.1014166666666666,261.7,2000000.0,0.646,0.3317,0.0729
209,1959,0.0314166666666666,225.1,0.0,0.6571,0.3378,0.0741
210,1960,-0.0584999999999999,159.0,10000000.0,0.6712,0.344,0.0753
211,1961,0.1304166666666666,76.4,21000000.0,0.6813,0.3505,0.0766
212,1962,0.0335833333333333,53.4,11000000.0,0.6919,0.3573,0.0779
213,1963,0.1040833333333333,39.9,1043000000.0,0.7041,0.3643,0.0793
214,1964,-0.1938333333333333,15.0,2010000.0,0.7183,0.3715,0.0808
215,1965,-0.16,22.0,100000000.0,0.734,0.3789,0.0824
216,1966,-0.04375,66.8,310000000.0,0.7503,0.3866,0.084
217,1967,0.0090833333333333,132.9,30000000.0,0.7659,0.3945,0.0856
218,1968,-0.1723333333333333,150.0,20000000.0,0.7802,0.4026,0.0873
219,1969,-0.03575,149.4,12000000.0,0.7934,0.4108,0.0891
220,1970,0.0458333333333333,148.0,10000000.0,0.8068,0.4193,0.0909
221,1971,-0.11425,94.4,23000000.0,0.8218,0.4278,0.0927
222,1972,-8.333333333333572e-05,97.6,1010000.0,0.8398,0.4366,0.0946
223,1973,0.18075,54.1,21000000.0,0.861,0.4454,0.0965
224,1974,-0.0416666666666666,49.2,132010000.0,0.8846,0.4542,0.0984
225,1975,0.0347499999999999,22.5,11000000.0,0.9088,0.4632,0.1003
226,1976,-0.1780833333333333,18.4,13000000.0,0.9313,0.4721,0.1022
227,1977,0.20425,39.3,20020000.0,0.9499,0.4809,0.1042
228,1978,0.0543333333333333,131.0,31000000.0,0.9632,0.4897,0.1062
229,1979,0.1236666666666666,220.1,13010000.0,0.9996,0.4984,0.1081
230,1980,0.4481666666666666,218.9,1010000000.0,1.0323,0.5069,0.1101
231,1981,0.4155,198.9,23000000.0,1.0515,0.5152,0.1121
232,1982,0.15625,162.4,3100000000.0,1.0633,0.5232,0.114
233,1983,0.3523333333333333,91.0,111010000.0,1.0895,0.531,0.116
234,1984,0.1254166666666666,60.5,20000000.0,1.1138,0.5389,0.118
235,1985,0.1045833333333333,20.6,20010000.0,1.1367,0.5448,0.1199
236,1986,0.2334166666666667,14.8,22000000.0,1.1591,0.5507,0.1219
237,1987,0.3865833333333333,33.9,11000000.0,1.1855,0.5566,0.1239
238,1988,0.5445,123.0,40000000.0,1.2237,0.5614,0.1259
239,1989,0.4219166666666666,211.1,0.0,1.2488,0.5667,0.1279
240,1990,0.6109166666666667,191.8,133000000.0,1.2683,0.5712,0.1299
241,1991,0.6135,203.3,11002020000.0,1.2887,0.576,0.1319
242,1992,0.2615833333333333,133.0,122020000.0,1.2994,0.5808,0.1338
243,1993,0.2414166666666667,76.1,2040000.0,1.3105,0.5813,0.1359
244,1994,0.494,44.9,50010000.0,1.3331,0.5838,0.1378
245,1995,0.6776666666666666,25.1,21010000.0,1.3608,0.5869,0.1398
246,1996,0.4825833333333333,11.6,32000000.0,1.3874,0.5879,0.1418
247,1997,0.6337499999999999,28.9,31010000.0,1.4038,0.5894,0.1437
248,1998,0.8985,88.3,0.0,1.4432,0.5943,0.1456
249,1999,0.6767500000000001,136.3,131000000.0,1.4744,0.5974,0.1474
250,2000,0.642,173.9,22000000.0,1.4917,0.5978,0.1493
251,2001,0.8196666666666667,170.4,13000000.0,1.5152,0.5968,0.1514
252,2002,0.9478333333333334,163.6,130010000.0,1.5445,0.5974,0.1532
253,2003,0.8765000000000001,99.3,10000000.0,1.5819,0.5995,0.1553
254,2004,0.7715833333333334,65.3,101010000.0,1.6079,0.5993,0.1572
255,2005,1.03525,45.8,110000000.0,1.6371,0.598,0.1592
256,2006,1.03,24.7,22020000.0,1.6682,0.5983,0.162
257,2007,1.0490833333333334,12.6,100000000.0,1.6931,0.6011,0.1638
258,2008,0.8741666666666666,4.2,20000000.0,1.7233,0.6036,0.167
259,2009,0.9758333333333334,4.8,0.0,1.7441,0.6065,0.1694
260,2010,1.0191666666666668,24.9,31010000.0,1.7758,0.6088,0.1721
261,2011,0.9305833333333332,80.8,221000000.0,1.8022,0.6107,0.1752
262,2012,0.9299166666666668,84.5,0.0,1.8302,0.6128,0.1777
263,2013,0.9655833333333332,94.0,11000000.0,1.8682,0.6151,0.1804
264,2014,1.032,113.3,10000000.0,1.8952,0.6192,0.1838
265,2015,1.2656666666666667,69.8,1000000.0,1.9266,0.6243,0.187
266,2016,1.42925,39.8,0.0,1.9732,0.6282,0.1893
267,2017,1.2541666666666669,21.7,2000000.0,2.0025,0.631,0.1916
268,2018,1.2008333333333334,7.0,113030000.0,2.0347,0.6343,0.1951
269,2019,1.3829166666666666,3.6,203000000.0,2.0677,0.6383,0.198
270,2020,1.534166666666667,8.8,0.0,2.0993,0.6436,0.2013
