,year,GMSL
0,1880,-158.725
1,1881,-153.05833333333334
2,1882,-169.88333333333333
3,1883,-164.59166666666667
4,1884,-143.75
5,1885,-145.24166666666667
6,1886,-147.57500000000002
7,1887,-153.20000000000002
8,1888,-151.07500000000002
9,1889,-149.5
10,1890,-147.525
11,1891,-149.18333333333334
12,1892,-146.04166666666666
13,1893,-141.29999999999998
14,1894,-150.98333333333332
15,1895,-139.18333333333334
16,1896,-146.81666666666666
17,1897,-141.60833333333332
18,1898,-132.21666666666667
19,1899,-124.74166666666667
20,1900,-130.1
21,1901,-130.53333333333333
22,1902,-125.91666666666667
23,1903,-117.85000000000001
24,1904,-128.15833333333333
25,1905,-133.73333333333332
26,1906,-126.88333333333333
27,1907,-128.275
28,1908,-130.79166666666666
29,1909,-126.30833333333334
30,1910,-126.41666666666667
31,1911,-118.05833333333334
32,1912,-121.16666666666667
33,1913,-119.39166666666667
34,1914,-113.05
35,1915,-105.18333333333334
36,1916,-107.11666666666667
37,1917,-111.63333333333333
38,1918,-113.21666666666665
39,1919,-111.59166666666665
40,1920,-110.25
41,1921,-108.23333333333333
42,1922,-109.125
43,1923,-107.94166666666666
44,1924,-115.23333333333333
45,1925,-113.19166666666666
46,1926,-106.69166666666666
47,1927,-107.75833333333333
48,1928,-111.64999999999999
49,1929,-110.28333333333335
50,1930,-106.31666666666666
51,1931,-106.7
52,1932,-101.03333333333335
53,1933,-96.69166666666666
54,1934,-102.04166666666667
55,1935,-96.46666666666665
56,1936,-100.39166666666667
57,1937,-94.69166666666666
58,1938,-92.075
59,1939,-86.875
60,1940,-92.19166666666666
61,1941,-79.99166666666666
62,1942,-80.05
63,1943,-80.0
64,1944,-86.44166666666666
65,1945,-83.63333333333334
66,1946,-76.10833333333333
67,1947,-72.94166666666666
68,1948,-68.21666666666667
69,1949,-69.5
70,1950,-67.3
71,1951,-57.833333333333336
72,1952,-60.38333333333333
73,1953,-55.96666666666667
74,1954,-58.93333333333334
75,1955,-57.975
76,1956,-63.11666666666667
77,1957,-49.68333333333334
78,1958,-48.30833333333334
79,1959,-48.01666666666667
80,1960,-44.26666666666667
81,1961,-38.09166666666667
82,1962,-43.31666666666666
83,1963,-44.925000000000004
84,1964,-52.824999999999996
85,1965,-41.541666666666664
86,1966,-46.96666666666667
87,1967,-45.60833333333333
88,1968,-44.80833333333334
89,1969,-38.0
90,1970,-39.94166666666667
91,1971,-34.725
92,1972,-25.59166666666667
93,1973,-31.59166666666667
94,1974,-19.716666666666665
95,1975,-21.275000000000002
96,1976,-22.349999999999998
97,1977,-23.96666666666667
98,1978,-17.566666666666666
99,1979,-22.53333333333333
100,1980,-16.525000000000002
101,1981,-4.075
102,1982,-9.858333333333333
103,1983,-1.4666666666666668
104,1984,-2.391666666666667
105,1985,-12.683333333333332
106,1986,-12.058333333333332
107,1987,-11.458333333333334
108,1988,-6.758333333333333
109,1989,-2.316666666666667
110,1990,0.008333333333333193
111,1991,2.5083333333333333
112,1992,3.1666666666666665
113,1993,1.4166666666666667
114,1994,6.575
115,1995,9.525
116,1996,13.666666666666666
117,1997,20.558333333333334
118,1998,10.666666666666666
119,1999,19.224999999999998
120,2000,20.483333333333334
121,2001,25.983333333333334
122,2002,28.358333333333334
123,2003,37.608333333333334
124,2004,37.18333333333333
125,2005,37.291666666666664
126,2006,41.56666666666667
127,2007,43.48333333333333
128,2008,52.199999999999996
129,2009,58.01666666666667
130,2010,65.75
131,2011,67.3
132,2012,76.08333333333333
133,2013,67.72500000000001
