,year,number of spots
0,1700,8.3
1,1701,18.3
2,1702,26.7
3,1703,38.3
4,1704,60.0
5,1705,96.7
6,1706,48.3
7,1707,33.3
8,1708,16.7
9,1709,13.3
10,1710,5.0
11,1711,0.0
12,1712,0.0
13,1713,3.3
14,1714,18.3
15,1715,45.0
16,1716,78.3
17,1717,105.0
18,1718,100.0
19,1719,65.0
20,1720,46.7
21,1721,43.3
22,1722,36.7
23,1723,18.3
24,1724,35.0
25,1725,66.7
26,1726,130.0
27,1727,203.3
28,1728,171.7
29,1729,121.7
30,1730,78.3
31,1731,58.3
32,1732,18.3
33,1733,8.3
34,1734,26.7
35,1735,56.7
36,1736,116.7
37,1737,135.0
38,1738,185.0
39,1739,168.3
40,1740,121.7
41,1741,66.7
42,1742,33.3
43,1743,26.7
44,1744,8.3
45,1745,18.3
46,1746,36.7
47,1747,66.7
48,1748,100.0
49,1749,134.8
50,1750,139.0
51,1751,79.5
52,1752,79.7
53,1753,51.2
54,1754,20.3
55,1755,16.0
56,1756,17.0
57,1757,54.0
58,1758,79.3
59,1759,90.0
60,1760,104.8
61,1761,143.2
62,1762,102.0
63,1763,75.2
64,1764,60.7
65,1765,34.8
66,1766,19.0
67,1767,63.0
68,1768,116.3
69,1769,176.8
70,1770,168.0
71,1771,136.0
72,1772,110.8
73,1773,58.0
74,1774,51.0
75,1775,11.7
76,1776,33.0
77,1777,154.2
78,1778,257.3
79,1779,209.8
80,1780,141.3
81,1781,113.5
82,1782,64.2
83,1783,38.0
84,1784,17.0
85,1785,40.2
86,1786,138.2
87,1787,220.0
88,1788,218.2
89,1789,196.8
90,1790,149.8
91,1791,111.0
92,1792,100.0
93,1793,78.2
94,1794,68.3
95,1795,35.5
96,1796,26.7
97,1797,10.7
98,1798,6.8
99,1799,11.3
100,1800,24.2
101,1801,56.7
102,1802,75.0
103,1803,71.8
104,1804,79.2
105,1805,70.3
106,1806,46.8
107,1807,16.8
108,1808,13.5
109,1809,4.2
110,1810,0.0
111,1811,2.3
112,1812,8.3
113,1813,20.3
114,1814,23.2
115,1815,59.0
116,1816,76.3
117,1817,68.3
118,1818,52.9
119,1819,38.5
120,1820,24.2
121,1821,9.2
122,1822,6.3
123,1823,2.2
124,1824,11.4
125,1825,28.2
126,1826,59.9
127,1827,83.0
128,1828,108.5
129,1829,115.2
130,1830,117.4
131,1831,80.8
132,1832,44.3
133,1833,13.4
134,1834,19.5
135,1835,85.8
136,1836,192.7
137,1837,227.3
138,1838,168.7
139,1839,143.0
140,1840,105.5
141,1841,63.3
142,1842,40.3
143,1843,18.1
144,1844,25.1
145,1845,65.8
146,1846,102.7
147,1847,166.3
148,1848,208.3
149,1849,182.5
150,1850,126.3
151,1851,122.0
152,1852,102.7
153,1853,74.1
154,1854,39.0
155,1855,12.7
156,1856,8.2
157,1857,43.4
158,1858,104.4
159,1859,178.3
160,1860,182.2
161,1861,146.6
162,1862,112.1
163,1863,83.5
164,1864,89.2
165,1865,57.8
166,1866,30.7
167,1867,13.9
168,1868,62.8
169,1869,123.6
170,1870,232.0
171,1871,185.3
172,1872,169.2
173,1873,110.1
174,1874,74.5
175,1875,28.3
176,1876,18.9
177,1877,20.7
178,1878,5.7
179,1879,10.0
180,1880,53.7
181,1881,90.5
182,1882,99.0
183,1883,106.1
184,1884,105.8
185,1885,86.3
186,1886,42.4
187,1887,21.8
188,1888,11.2
189,1889,10.4
190,1890,11.8
191,1891,59.5
192,1892,121.7
193,1893,142.0
194,1894,130.0
195,1895,106.6
196,1896,69.4
197,1897,43.8
198,1898,44.4
199,1899,20.2
200,1900,15.7
201,1901,4.6
202,1902,8.5
203,1903,40.8
204,1904,70.1
205,1905,105.5
206,1906,90.1
207,1907,102.8
208,1908,80.9
209,1909,73.2
210,1910,30.9
211,1911,9.5
212,1912,6.0
213,1913,2.4
214,1914,16.1
215,1915,79.0
216,1916,95.0
217,1917,173.6
218,1918,134.6
219,1919,105.7
220,1920,62.7
221,1921,43.5
222,1922,23.7
223,1923,9.7
224,1924,27.9
225,1925,74.0
226,1926,106.5
227,1927,114.7
228,1928,129.7
229,1929,108.2
230,1930,59.4
231,1931,35.1
232,1932,18.6
233,1933,9.2
234,1934,14.6
235,1935,60.2
236,1936,132.8
237,1937,190.6
238,1938,182.6
239,1939,148.0
240,1940,113.0
241,1941,79.2
242,1942,50.8
243,1943,27.1
244,1944,16.1
245,1945,55.3
246,1946,154.3
247,1947,214.7
248,1948,193.0
249,1949,190.7
250,1950,118.9
251,1951,98.3
252,1952,45.0
253,1953,20.1
254,1954,6.6
255,1955,54.2
256,1956,200.7
257,1957,269.3
258,1958,261.7
259,1959,225.1
260,1960,159.0
261,1961,76.4
262,1962,53.4
263,1963,39.9
264,1964,15.0
265,1965,22.0
266,1966,66.8
267,1967,132.9
268,1968,150.0
269,1969,149.4
270,1970,148.0
271,1971,94.4
272,1972,97.6
273,1973,54.1
274,1974,49.2
275,1975,22.5
276,1976,18.4
277,1977,39.3
278,1978,131.0
279,1979,220.1
280,1980,218.9
281,1981,198.9
282,1982,162.4
283,1983,91.0
284,1984,60.5
285,1985,20.6
286,1986,14.8
287,1987,33.9
288,1988,123.0
289,1989,211.1
290,1990,191.8
291,1991,203.3
292,1992,133.0
293,1993,76.1
294,1994,44.9
295,1995,25.1
296,1996,11.6
297,1997,28.9
298,1998,88.3
299,1999,136.3
300,2000,173.9
301,2001,170.4
302,2002,163.6
303,2003,99.3
304,2004,65.3
305,2005,45.8
306,2006,24.7
307,2007,12.6
308,2008,4.2
309,2009,4.8
310,2010,24.9
311,2011,80.8
312,2012,84.5
313,2013,94.0
314,2014,113.3
315,2015,69.8
316,2016,39.8
317,2017,21.7
318,2018,7.0
319,2019,3.6
320,2020,8.8
321,2021,29.6
322,2022,83.2
