,human nature,nature,real,year
0,-1.0097272727272726,-1.0097272727272726,-1.0097272727272726,1750
1,-1.0931666666666666,-1.0931666666666666,-1.0931666666666666,1751
2,-1.0931666666666666,-0.7935,-0.7935,1752
3,-0.6733,-0.6733,-0.6733,1753
4,-0.4355833333333334,-0.4355833333333334,-0.4355833333333334,1754
5,-0.8921666666666667,-0.8921666666666667,-0.2185833333333333,1755
6,-0.5269166666666667,-0.3886666666666666,-0.3886666666666666,1756
7,-0.4777499999999999,-0.4777499999999999,-0.4777499999999999,1757
8,-1.7758333333333332,-1.7758333333333332,-1.7758333333333332,1758
9,-1.0931666666666666,-0.2561666666666666,-1.4675,1759
10,-0.3966666666666666,-1.9105,-1.9105,1760
11,-0.2186666666666666,-0.2186666666666666,-0.2186666666666666,1761
12,0.0254166666666666,-1.2441666666666666,-1.2441666666666666,1762
13,-1.3499166666666669,-1.3499166666666669,-1.3499166666666669,1763
14,-0.6743333333333333,-0.6743333333333333,-0.6743333333333333,1764
15,-0.5735,-0.5735,-0.4876666666666667,1765
16,-0.4355833333333334,-0.0415,-0.54725,1766
17,-0.8429166666666666,-0.8429166666666666,-0.8429166666666666,1767
18,-0.3966666666666666,-0.6493333333333333,-1.35,1768
19,-0.7021666666666667,-0.3476666666666666,-0.8457500000000001,1769
20,-1.3924166666666666,-1.3924166666666666,-1.3924166666666666,1770
21,-0.94125,-0.94125,-0.94125,1771
22,-0.3966666666666666,-0.6122500000000001,-0.6122500000000001,1772
23,0.0254166666666666,0.0254166666666666,0.0254166666666666,1773
24,-0.4777499999999999,0.0025833333333333,0.4645833333333333,1774
25,-0.4091666666666667,-0.3896666666666666,-0.3896666666666666,1775
26,-0.5735,-0.5735,-0.5735,1776
27,-0.8650000000000001,-0.8650000000000001,-0.8650000000000001,1777
28,-1.2485,-0.6437499999999999,-0.6437499999999999,1778
29,-0.29875,0.0804166666666666,-0.2305833333333333,1779
30,-0.3966666666666666,-0.3353333333333333,0.0971666666666666,1780
31,-0.3966666666666666,-0.6493333333333333,-0.6493333333333333,1781
32,-0.4405833333333333,-0.4405833333333333,-0.4405833333333333,1782
33,-0.4355833333333334,-0.7796666666666666,-0.7796666666666666,1783
34,-0.8921666666666667,-0.8921666666666667,-0.8921666666666667,1784
35,-0.6733,-0.8025833333333333,-0.8025833333333333,1785
36,-0.3966666666666666,-0.3966666666666666,-0.3966666666666666,1786
37,-1.2485,-0.7021666666666667,-0.7021666666666667,1787
38,-1.2485,-0.7021666666666667,-0.2358333333333333,1788
39,-0.2299999999999999,-0.2299999999999999,-0.2299999999999999,1789
40,-0.29875,-0.29875,-0.29875,1790
41,-0.94125,-0.2884166666666666,-0.2884166666666666,1791
42,0.0254166666666666,-0.2255833333333333,-0.2255833333333333,1792
43,-0.12425,-0.12425,-0.12425,1793
44,0.0774166666666666,0.0774166666666666,0.0774166666666666,1794
45,-0.5735,-0.5735,0.1263333333333333,1795
46,-0.5735,0.0498333333333333,0.0498333333333333,1796
47,-0.0825833333333333,-0.0825833333333333,-0.0825833333333333,1797
48,-0.1440833333333333,-0.1440833333333333,-0.1440833333333333,1798
49,-0.4091666666666667,-0.4091666666666667,-0.4091666666666667,1799
50,-0.1986666666666666,-0.1986666666666666,-0.1986666666666666,1800
51,0.0606666666666666,0.3369999999999999,0.3369999999999999,1801
52,0.0606666666666666,0.0606666666666666,0.0606666666666666,1802
53,0.0071666666666666,0.0071666666666666,0.0071666666666666,1803
54,0.1479166666666666,0.1479166666666666,0.1479166666666666,1804
55,0.1479166666666666,-0.49275,-0.0650833333333333,1805
56,-0.4777499999999999,-0.7444166666666666,-0.35775,1806
57,-0.5269166666666667,-0.5269166666666667,-0.5269166666666667,1807
58,-0.9420833333333332,-0.9420833333333332,-0.9420833333333332,1808
59,-1.343,-1.343,-1.343,1809
60,-1.343,-1.632,-1.6159166666666664,1810
61,-1.632,-1.632,-1.632,1811
62,-1.3795833333333334,-1.3795833333333334,-1.3795833333333334,1812
63,-0.8836666666666666,-0.8836666666666666,-0.8836666666666666,1813
64,-1.0011666666666663,-1.0011666666666663,-1.0011666666666663,1814
65,-1.3795833333333334,-1.0220833333333337,-1.1210833333333332,1815
66,-1.0011666666666663,-0.49275,-1.5215833333333333,1816
67,-0.7316666666666666,-0.3750833333333332,-1.3688333333333331,1817
68,-0.7316666666666666,-0.7796666666666666,-0.7519166666666667,1818
69,-0.7316666666666666,-0.537,-1.1536666666666666,1819
70,-0.7316666666666666,-0.7316666666666666,-0.7316666666666666,1820
71,-0.6457499999999999,-0.6457499999999999,-0.6457499999999999,1821
72,-0.6413333333333333,-0.6413333333333333,-0.6413333333333333,1822
73,-1.632,-1.632,-0.7787499999999999,1823
74,-0.6457499999999999,-0.31325,-0.31325,1824
75,-0.6457499999999999,-0.3063333333333333,-0.4363333333333333,1825
76,-0.6457499999999999,-0.2881666666666667,-0.13825,1826
77,-0.6457499999999999,0.00125,0.00125,1827
78,-0.6457499999999999,-0.2884166666666666,-0.48075,1828
79,-0.6766666666666667,-0.3245833333333333,-0.5660833333333334,1829
80,-0.25,-0.25,-0.25,1830
81,-0.7521666666666667,-0.7521666666666667,-0.7521666666666667,1831
82,-0.6766666666666667,-0.253,-1.0055,1832
83,-0.6766666666666667,-0.6766666666666667,-0.6766666666666667,1833
84,-0.8715833333333333,-0.3886666666666666,-0.3495833333333333,1834
85,-0.6766666666666667,-1.0220833333333337,-1.0220833333333337,1835
86,-0.7021666666666667,-0.7021666666666667,-1.0111666666666668,1836
87,-1.2485,-1.2485,-1.2485,1837
88,-0.8905833333333333,-0.8905833333333333,-0.8905833333333333,1838
89,-0.6897500000000001,-0.6897500000000001,-0.6897500000000001,1839
90,-0.6897500000000001,-0.8889166666666667,-0.8889166666666667,1840
91,-0.851,-0.851,-0.851,1841
92,-0.8715833333333333,-0.537,-0.537,1842
93,-0.851,0.104,-0.5840833333333334,1843
94,-0.8715833333333333,-0.8715833333333333,-0.8715833333333333,1844
95,-0.6775833333333333,-0.6039166666666667,-0.7013333333333334,1845
96,-0.6775833333333333,-1.2441666666666666,-0.226,1846
97,-0.6775833333333333,-0.55325,-0.55325,1847
98,-0.6354166666666666,-0.2299999999999999,-0.6354166666666666,1848
99,-0.7021666666666667,-0.7021666666666667,-0.7021666666666667,1849
100,-0.6775833333333333,-0.6775833333333333,-0.6775833333333333,1850
101,-0.6193333333333334,-0.5439166666666667,-0.5439166666666667,1851
102,-0.6193333333333334,-0.6193333333333334,-0.6193333333333334,1852
103,-0.5812499999999999,-0.5812499999999999,-0.5812499999999999,1853
104,-0.5812499999999999,-1.0220833333333337,-0.3504166666666666,1854
105,-0.41275,-0.41275,-0.41275,1855
106,-0.6755,-0.6755,-0.6755,1856
107,-0.7444166666666666,-0.7444166666666666,-0.7444166666666666,1857
108,-0.6113333333333334,-0.4043333333333334,-0.4043333333333334,1858
109,-0.7021666666666667,-0.3476666666666666,-0.3476666666666666,1859
110,-0.6113333333333334,-0.6113333333333334,-0.6113333333333334,1860
111,-0.6113333333333334,-0.7785000000000001,-0.7785000000000001,1861
112,-0.25,-0.7799166666666667,-0.7799166666666667,1862
113,-0.25,-0.5850833333333333,-0.5850833333333333,1863
114,-0.3245833333333333,-0.2255833333333333,-0.5740833333333334,1864
115,-0.3968333333333333,-0.5403333333333333,-0.4388333333333333,1865
116,-0.3968333333333333,-0.3063333333333333,-0.3063333333333333,1866
117,-0.3968333333333333,-0.6766666666666667,-0.2050833333333333,1867
118,-0.3245833333333333,-0.2575,-0.2575,1868
119,-0.3245833333333333,-0.2368333333333333,-0.2368333333333333,1869
120,-1.2485,-0.4403333333333333,-0.4403333333333333,1870
121,-0.5357500000000001,-0.5357500000000001,-0.5357500000000001,1871
122,-0.4504999999999999,-0.3353333333333333,-0.4504999999999999,1872
123,-0.3245833333333333,-0.3245833333333333,-0.3245833333333333,1873
124,-0.3245833333333333,-0.5812499999999999,-0.2696666666666666,1874
125,-0.3968333333333333,-0.1986666666666666,-0.57575,1875
126,-0.3968333333333333,-0.3886666666666666,-0.44525,1876
127,-0.3968333333333333,-0.0463333333333333,-0.0463333333333333,1877
128,0.1819166666666666,-0.37775,0.1819166666666666,1878
129,-0.3968333333333333,-0.3968333333333333,-0.3968333333333333,1879
130,-0.4519166666666667,-0.4519166666666667,-0.4519166666666667,1880
131,-0.2561666666666666,-0.2561666666666666,-0.2561666666666666,1881
132,-0.2561666666666666,-0.6193333333333334,-0.4986666666666666,1882
133,-0.5843333333333334,-0.5843333333333334,-0.5843333333333334,1883
134,-0.75775,-0.75775,-0.75775,1884
135,-0.6356666666666667,-0.5812499999999999,-0.6356666666666667,1885
136,-0.6039166666666667,-0.6039166666666667,-0.6039166666666667,1886
137,-0.3534166666666666,-0.7316666666666666,-0.5999166666666667,1887
138,-0.3534166666666666,-0.3534166666666666,-0.3534166666666666,1888
139,-0.5403333333333333,-0.2776666666666667,-0.2776666666666667,1889
140,-0.5403333333333333,0.104,-0.6138333333333333,1890
141,-0.5403333333333333,-0.5403333333333333,-0.5403333333333333,1891
142,-0.3725,-0.56975,-0.56975,1892
143,-0.3725,-0.45675,-0.4638333333333333,1893
144,-0.3725,-0.423,-0.423,1894
145,-0.3725,-0.3725,-0.3725,1895
146,-0.5403333333333333,-0.3254166666666667,-0.3254166666666667,1896
147,-0.3725,-0.253,-0.253,1897
148,-0.1636666666666666,-0.7444166666666666,-0.3513333333333333,1898
149,-0.1636666666666666,-0.1636666666666666,-0.1636666666666666,1899
150,-0.0017499999999999,0.104,-0.0017499999999999,1900
151,-0.0014166666666666,-0.0014166666666666,-0.0014166666666666,1901
152,-0.0014166666666666,-1.3795833333333334,-0.2376666666666666,1902
153,-0.44725,-0.44725,-0.44725,1903
154,-0.3467499999999999,-0.49275,-0.49275,1904
155,-0.2348333333333333,-0.30575,-0.30575,1905
156,-0.2348333333333333,-0.2348333333333333,-0.2348333333333333,1906
157,-0.2348333333333333,-0.5009166666666667,-0.5009166666666667,1907
158,-0.44725,-0.7521666666666667,-0.4172499999999999,1908
159,-0.3575,-0.3575,-0.3575,1909
160,-0.3467499999999999,-0.3467499999999999,-0.3467499999999999,1910
161,-0.37775,-0.37775,-0.37775,1911
162,-0.4247499999999999,-0.4247499999999999,-0.4247499999999999,1912
163,-0.2565833333333333,-0.2565833333333333,-0.2565833333333333,1913
164,-0.4247499999999999,-0.0415,0.00875,1914
165,-0.44725,-1.7758333333333332,-0.0441666666666666,1915
166,-0.3750833333333332,-0.3750833333333332,-0.3750833333333332,1916
167,-0.2348333333333333,-0.5761666666666666,-0.5761666666666666,1917
168,-0.45675,-0.45675,-0.45675,1918
169,-0.1999166666666666,-0.1999166666666666,-0.1999166666666666,1919
170,-0.15925,-0.6122500000000001,-0.2083333333333333,1920
171,-0.15925,-0.7444166666666666,-0.15925,1921
172,-0.15925,-0.2206666666666666,-0.2206666666666666,1922
173,-0.12825,-0.0014166666666666,-0.2113333333333333,1923
174,-0.12825,-0.3467499999999999,-0.12825,1924
175,-0.0069166666666666,0.0606666666666666,-0.046,1925
176,-0.0069166666666666,-0.0069166666666666,-0.0069166666666666,1926
177,-0.0069166666666666,-0.10475,-0.10475,1927
178,-0.1411666666666666,-0.148,-0.1411666666666666,1928
179,-0.1411666666666666,-0.3353333333333333,-0.3353333333333333,1929
180,-0.1411666666666666,-0.13025,-0.13025,1930
181,-0.1411666666666666,0.0624166666666666,0.0624166666666666,1931
182,-0.1411666666666666,-0.0415,-0.0415,1932
183,-0.1353333333333333,-1.3795833333333334,-0.26425,1933
184,-0.1353333333333333,-0.1051666666666666,-0.1051666666666666,1934
185,-0.1353333333333333,-0.1960833333333333,-0.1960833333333333,1935
186,-0.1353333333333333,-0.1353333333333333,-0.1353333333333333,1936
187,0.0629166666666666,0.0804166666666666,0.0629166666666666,1937
188,0.14075,0.14075,0.14075,1938
189,0.0648333333333333,0.0648333333333333,0.0648333333333333,1939
190,0.1250833333333333,0.1250833333333333,0.1250833333333333,1940
191,0.0738333333333333,0.0738333333333333,0.0738333333333333,1941
192,0.0335833333333333,0.0025833333333333,0.0025833333333333,1942
193,0.06525,0.1076666666666666,0.1076666666666666,1943
194,-0.0610833333333333,0.104,0.104,1944
195,-0.0768333333333333,-0.0373333333333333,-0.0373333333333333,1945
196,0.1250833333333333,-0.45675,-0.0104166666666666,1946
197,-0.33775,0.0804166666666666,0.0804166666666666,1947
198,0.0480833333333333,-0.2299999999999999,0.0480833333333333,1948
199,0.0480833333333333,-0.148,-0.148,1949
200,0.1250833333333333,-0.2881666666666667,-0.2881666666666667,1950
201,0.1250833333333333,-0.3353333333333333,-0.0469166666666666,1951
202,0.06525,-0.8025833333333333,0.06525,1952
203,0.0701666666666666,0.104,0.0701666666666666,1953
204,-0.0610833333333333,-0.3968333333333333,-0.0610833333333333,1954
205,-0.0768333333333333,0.1076666666666666,-0.0768333333333333,1955
206,-0.33775,-0.3353333333333333,-0.33775,1956
207,0.0164999999999999,-0.4403333333333333,0.0164999999999999,1957
208,0.0164999999999999,-0.4403333333333333,0.1014166666666666,1958
209,0.0164999999999999,-1.2485,0.0314166666666666,1959
210,0.1304166666666666,-0.5357500000000001,-0.0584999999999999,1960
211,0.1304166666666666,-0.6122500000000001,0.1304166666666666,1961
212,0.0335833333333333,-0.253,0.0335833333333333,1962
213,0.1040833333333333,-1.0220833333333337,0.1040833333333333,1963
214,-0.1938333333333333,0.104,-0.1938333333333333,1964
215,0.1040833333333333,-1.0011666666666663,-0.16,1965
216,0.18075,-0.6039166666666667,-0.04375,1966
217,0.0090833333333333,-0.29875,0.0090833333333333,1967
218,-0.1723333333333333,-0.148,-0.1723333333333333,1968
219,-0.03575,-0.56975,-0.03575,1969
220,0.0458333333333333,-0.1353333333333333,0.0458333333333333,1970
221,0.0543333333333333,-0.6122500000000001,-0.11425,1971
222,-8.333333333333572e-05,-0.2255833333333333,-8.333333333333572e-05,1972
223,0.18075,-0.3896666666666666,0.18075,1973
224,0.18075,-0.6039166666666667,-0.0416666666666666,1974
225,0.18075,-0.7316666666666666,0.0347499999999999,1975
226,0.18075,0.104,-0.1780833333333333,1976
227,0.18075,-0.3896666666666666,0.20425,1977
228,0.0543333333333333,-0.6493333333333333,0.0543333333333333,1978
229,0.0164999999999999,-0.4403333333333333,0.1236666666666666,1979
230,0.4481666666666666,-0.3353333333333333,0.4481666666666666,1980
231,0.4155,-0.148,0.4155,1981
232,0.4155,-0.3353333333333333,0.15625,1982
233,0.4155,-0.6039166666666667,0.3523333333333333,1983
234,0.1045833333333333,-0.3896666666666666,0.1254166666666666,1984
235,0.1045833333333333,-0.3896666666666666,0.1045833333333333,1985
236,0.2334166666666667,-0.3896666666666666,0.2334166666666667,1986
237,0.3865833333333333,-0.253,0.3865833333333333,1987
238,0.5445,-0.6493333333333333,0.5445,1988
239,0.4219166666666666,-0.7021666666666667,0.4219166666666666,1989
240,0.6109166666666667,-0.3353333333333333,0.6109166666666667,1990
241,0.6135,-0.5843333333333334,0.6135,1991
242,0.2615833333333333,-0.3353333333333333,0.2615833333333333,1992
243,0.2414166666666667,-0.3575,0.2414166666666667,1993
244,0.2615833333333333,-0.13025,0.494,1994
245,0.2334166666666667,-0.3896666666666666,0.6776666666666666,1995
246,0.4825833333333333,-0.13025,0.4825833333333333,1996
247,0.4825833333333333,-0.13025,0.6337499999999999,1997
248,0.8985,-0.2561666666666666,0.8985,1998
249,0.6767500000000001,-0.3353333333333333,0.6767500000000001,1999
250,0.6767500000000001,-0.148,0.642,2000
251,0.6767500000000001,-0.5357500000000001,0.8196666666666667,2001
252,0.6767500000000001,-0.3353333333333333,0.9478333333333334,2002
253,0.7715833333333334,-0.0069166666666666,0.8765000000000001,2003
254,0.7715833333333334,-0.3750833333333332,0.7715833333333334,2004
255,1.03525,0.1076666666666666,1.03525,2005
256,1.03,-0.3896666666666666,1.03,2006
257,1.0490833333333334,-0.8921666666666667,1.0490833333333334,2007
258,1.0490833333333334,-0.37775,0.8741666666666666,2008
259,0.9758333333333334,-1.343,0.9758333333333334,2009
260,0.9758333333333334,-0.13025,1.0191666666666668,2010
261,0.9299166666666668,-0.6039166666666667,0.9305833333333332,2011
262,0.9299166666666668,-0.5850833333333333,0.9299166666666668,2012
263,0.9299166666666668,-0.5812499999999999,0.9655833333333332,2013
264,1.2656666666666667,0.1250833333333333,1.032,2014
265,1.2656666666666667,-0.49275,1.2656666666666667,2015
266,1.42925,-0.537,1.42925,2016
267,1.2008333333333334,-0.7316666666666666,1.2541666666666669,2017
268,1.2008333333333334,-0.6413333333333333,1.2008333333333334,2018
269,1.2008333333333334,-0.2565833333333333,1.3829166666666666,2019
270,1.534166666666667,-0.6457499999999999,1.534166666666667,2020
